Matrix A:
-1.00000000 -8.00000000 0.00000000 5.00000000
6.00000000 -6.00000000 2.00000000 4.00000000
9.00000000 -5.00000000 -6.00000000 4.00000000
-5.00000000 0.00000000 -9.00000000 1.00000000

Vector b:
-60.00000000 -10.00000000 65.00000000 18.00000000

Matrix L:
1.00000000 0.00000000 0.00000000 0.00000000
0.66666667 1.00000000 0.00000000 0.00000000
-0.55555556 1.04166667 1.00000000 0.00000000
-0.11111111 3.20833333 1.07174888 1.00000000

Matrix U:
9.00000000 -5.00000000 -6.00000000 4.00000000
0.00000000 -2.66666667 6.00000000 1.33333333
0.00000000 0.00000000 -18.58333333 1.83333333
0.00000000 0.00000000 0.00000000 -0.79820628

Solve x:
7.00000000 6.00000000 -6.00000000 -1.00000000

Determinant A: -356.00000000000006

Inverse matrix A^(-1):
-0.02808989 -0.04213483 0.09550562 -0.07303371
-0.90449438 1.64325843 -0.72471910 0.84831461
-0.12359551 0.31460674 -0.17977528 0.07865169
-1.25280899 2.62078652 -1.14044944 1.34269663

Checks:

1) Result of A * x:
-60.00000000 -10.00000000 65.00000000 18.00000000 
Original b:
-60.0 -10.0 65.0 18.0 
The solution x satisfies A * x = b.

2) Result of A * A^(-1):
1.00000000 0.00000000 -0.00000000 0.00000000
-0.00000000 1.00000000 0.00000000 0.00000000
0.00000000 0.00000000 1.00000000 0.00000000
0.00000000 -0.00000000 0.00000000 1.00000000
A * A^(-1) is the identity matrix.
