Matrix A:
5.000000 -1.000000 -2.000000
-4.000000 3.000000 -3.000000
-2.000000 -1.000000 1.000000

Eps: 1e-08

Matrix Q:
-0.745356 -0.272166 0.608581
0.596285 -0.680414 0.426006
0.298142 0.680414 0.669439

Matrix R:
-6.708204 2.236068 -0.000000
-0.000000 -2.449490 3.265986
0.000000 0.000000 -1.825742

Householder Matrices:
Householder Matrix 1:
-0.745356 0.596285 0.298142
0.596285 0.796285 -0.101858
0.298142 -0.101858 0.949071

Householder Matrix 2:
1.000000 0.000000 0.000000
0.000000 -0.773397 0.633922
0.000000 0.633922 0.773397

Matrix A 92:
6.384522 1.564694 -2.725318
-0.000154 3.839339 1.767455
-0.000000 -0.000000 -1.223861
Matrix A result:
6.384484 1.564755 2.725360
-0.000092 3.839377 -1.767389
-0.000000 -0.000000 -1.223861

Eigenvalues:
6.384427
3.839434
-1.223861

Iterations: 18

Cheks with numpy:
Eigenvalues:
-1.223861
6.384427
3.839434
